index,Score,Score Rank,Percentile,Percentile Rank
AAK1,2.7432,1,99.36,1
BIKE,2.003,3,99.16,2
GAK,1.4768,5,98.98,3
NEK5,1.0475,10,98.2,4
NEK9,0.8816,16,94.61,5
RIPK3,0.9177,15,94.58,6
MLK2,0.858,17,94.19,7
IRAK4,0.9278,14,94.11,8
NEK4,-0.1212,47,93.79,9
PKCZ,1.3662,6,93.74,10
LKB1,0.0663,36,93.49,11
PKR,0.2311,31,93.28,12
PIM3,2.0482,2,93.13,13
MPSK1,1.1302,9,92.76,14
NUAK1,1.1464,8,92.62,15
IRAK1,-0.1304,50,91.87,16
PBK,-0.1548,51,91.81,17
NEK7,0.401,28,91.74,18
MST2,-0.7766,95,91.56,19
RIPK1,0.6073,23,90.83,20
CHAK2,0.5638,24,90.53,21
NEK3,-0.6292,83,90.11,22
PIM1,1.7653,4,90.11,22
ANKRD3,0.0861,35,89.95,24
NEK6,0.4661,26,89.75,25
PLK4,-0.6659,87,89.72,26
DSTYK,0.7171,19,89.2,27
LATS2,0.7968,18,89.15,28
TTK,-1.9141,201,87.1,29
PRKD2,0.9452,13,86.16,30
PRKD1,1.0313,11,85.52,31
CAMKK1,-1.1662,135,85.5,32
NEK11,-1.0996,125,85.27,33
PLK1,0.1828,33,85.17,34
PIM2,0.4823,25,85.0,35
COT,1.0182,12,84.75,36
NDR2,0.6743,21,84.67,37
CHK1,0.4037,27,84.34,38
MASTL,-0.3206,59,84.33,39
NEK1,-1.4078,161,83.78,40
CK1G1,-0.1582,52,83.69,41
PKCB,-0.2705,55,83.55,42
NEK2,-0.1236,49,82.41,43
CAMKK2,-2.017,212,81.98,44
PKCI,-0.7681,94,81.9,45
NDR1,0.0206,39,81.88,46
IRE1,-0.5761,76,81.41,47
MLK3,-0.5895,77,81.4,48
HRI,-0.8239,101,81.27,49
FAM20C,-0.718,92,81.26,50
VRK1,-2.1757,230,81.1,51
TLK1,-0.8684,105,80.19,52
ULK2,-0.5315,74,79.88,53
YSK4,-0.9432,112,79.59,54
PKCA,-0.5292,73,79.47,55
PRKD3,-0.1612,53,79.37,56
AURB,-1.071,121,79.02,57
PERK,-1.0629,119,78.92,58
IKKB,0.005,40,78.8,59
MEKK1,-1.131,128,78.35,60
CAMK1A,-1.2828,149,78.27,61
AURC,-0.9208,108,78.23,62
PKCD,-0.2955,57,78.21,63
CAMK2D,-0.0116,41,77.59,64
BUB1,-1.2298,145,77.45,65
NUAK2,-0.0994,45,77.3,66
TSSK4,-0.0613,43,77.04,67
MST1,-1.6371,181,76.72,68
CAMK1G,-1.1465,131,76.72,68
MLK4,-1.409,163,76.59,70
MELK,-0.6142,81,76.47,71
SLK,-1.8641,195,76.46,72
PDHK4,-0.1839,54,76.28,73
CHK2,-1.4479,168,76.16,74
DAPK3,-1.4211,164,76.01,75
IKKA,-0.5966,78,75.87,76
PHKG1,-1.213,141,75.48,77
MNK1,-1.0171,117,75.46,78
PKCG,-1.0902,124,75.4,79
MINK,-2.2505,240,75.36,80
PKACG,-0.8587,104,75.35,81
MLK1,-0.7197,93,75.01,82
SMMLCK,-1.2601,147,74.96,83
STK33,-1.7216,188,74.85,84
TGFBR2,-0.9246,110,74.7,85
PINK1,-0.2819,56,74.48,86
PKG1,-2.9964,280,74.37,87
ULK1,-1.591,178,74.27,88
CAMK1D,-1.1405,129,74.15,89
AMPKA1,-0.5359,75,74.09,90
PKCT,-1.5074,173,73.99,91
AMPKA2,-0.6483,86,73.97,92
CHAK1,-1.0794,122,73.97,92
DMPK1,-2.2228,236,73.67,94
TSSK1,-0.6764,88,73.6,95
CDK18,1.233,7,73.53,96
CAMK4,-1.197,140,73.36,97
IRE2,-1.2821,148,72.95,98
ROCK2,-1.8522,194,72.89,99
KHS1,-2.0887,220,72.81,100
MEKK2,-1.4533,169,72.63,101
DCAMKL2,-1.1176,127,72.63,101
MYLK4,-1.405,160,72.3,103
LOK,-1.9922,206,72.23,104
MAPKAPK3,-0.6171,82,72.2,105
PHKG2,-2.4147,253,72.15,106
WNK3,-0.835,102,71.88,107
MNK2,-0.7967,97,71.65,108
TNIK,-2.0785,217,71.53,109
MST4,-0.9005,107,71.23,110
MSK2,-1.4041,159,71.12,111
DCAMKL1,-0.6901,91,71.12,111
ROCK1,-2.6053,269,71.07,113
MRCKB,-2.0038,208,70.9,114
CDK9,0.3461,30,70.9,114
CDK17,0.6795,20,70.86,116
SMG1,-1.2263,144,70.64,117
HGK,-2.212,234,70.42,118
HASPIN,-2.7128,273,70.2,119
GCK,-2.0283,213,70.18,120
PASK,-1.4085,162,70.15,121
ERK7,-0.7955,96,70.15,121
PKN1,-2.3618,246,70.11,123
MYO3A,-3.5318,292,70.1,124
MYO3B,-3.2429,287,70.08,125
CDK10,-0.1235,48,69.88,126
PKACB,-1.7438,190,69.78,127
SSTK,-1.8659,196,69.43,128
CDK16,0.1321,34,69.37,129
PKACA,-2.4186,254,69.36,130
SKMLCK,-1.8107,192,69.07,131
DAPK2,-0.4265,68,69.02,132
MRCKA,-2.1297,226,68.72,133
KHS2,-2.4977,262,68.26,134
DAPK1,-2.0128,210,68.21,135
HPK1,-2.3977,251,68.16,136
CDK7,0.1961,32,68.15,137
NEK8,-2.0809,218,67.88,138
HUNK,-1.3029,152,67.74,139
TLK2,-1.0675,120,67.43,140
CDK14,0.0625,37,67.24,141
PKCE,-2.2388,238,67.14,142
TBK1,-1.2256,143,67.1,143
PKN2,-1.355,157,67.07,144
CDK5,-0.0605,42,67.04,145
LATS1,-0.3697,65,66.96,146
GCN2,-1.4473,167,66.78,147
DRAK1,-1.299,151,66.54,148
CDKL1,-0.1076,46,66.45,149
PRKX,-2.3926,250,66.44,150
CDK2,-0.3673,64,66.44,150
PKG2,-2.1389,228,66.18,152
CDK3,-1.0588,118,66.04,153
CDKL2,-0.6785,89,65.99,154
CDK6,-0.3223,60,65.98,155
MEK2,-3.0588,282,65.91,156
PAK3,-1.5926,179,65.82,157
CDK19,-0.4891,70,65.7,158
CAMK1B,-0.3065,58,65.42,159
MAPKAPK5,-2.1345,227,65.37,160
ATR,-0.3415,62,65.27,161
ICK,-1.1662,135,65.23,162
SBK,-1.6632,186,65.01,163
CDK13,0.0521,38,64.99,164
BRSK2,-2.4083,252,64.97,165
TSSK2,-1.2183,142,64.9,166
CDK8,-0.4133,66,64.62,167
CRIK,-3.0348,281,64.56,168
WNK1,-1.0078,116,64.31,169
PKCH,-2.0586,215,64.26,170
MARK4,-1.3484,156,64.22,171
P70S6KB,-1.1491,133,64.17,172
CDKL5,-0.3509,63,64.14,173
PAK1,-1.6563,184,63.48,174
MSK1,-1.953,202,63.05,175
DLK,-0.856,103,62.99,176
MAP3K15,-2.6006,268,62.69,177
GSK3B,0.3686,29,62.49,178
NIM1,-1.6596,185,62.43,179
QIK,-1.9704,204,62.1,180
OSR1,-3.4781,290,62.06,181
P70S6K,-2.5702,265,62.03,182
ERK1,-0.5203,72,61.99,183
YSK1,-3.2972,288,61.61,184
NIK,-0.4152,67,61.48,185
CDK12,-0.9832,114,61.39,186
MAPKAPK2,-1.5513,176,61.19,187
MARK2,-2.3837,249,60.99,188
CDK4,-1.1729,138,60.98,189
ERK5,-0.0877,44,60.9,190
SRPK1,-0.5143,71,60.66,191
MEK5,-1.9127,200,60.52,192
PAK2,-2.1102,224,60.4,193
MEKK6,-3.7625,299,60.36,194
MOK,-0.8954,106,60.12,195
P38G,-1.1485,132,60.1,196
PLK3,-1.5526,177,59.92,197
SNRK,-3.1506,285,59.92,197
SIK,-2.5176,264,59.72,199
AKT1,-2.6429,271,59.6,200
LRRK2,-2.6828,272,59.33,201
RIPK2,-3.6295,294,59.18,202
PAK5,-3.645,295,59.17,203
SGK3,-1.9987,207,58.98,204
MAK,-0.9758,113,58.82,205
MST3,-2.1096,223,58.68,206
BMPR2,-0.3308,61,58.46,207
CAMK2B,-1.3058,153,58.25,208
STLK3,-5.2379,309,58.19,209
QSK,-2.3349,245,58.07,210
RSK3,-1.9049,199,57.95,211
CAMK2G,-0.8158,100,57.93,212
P38A,-0.6056,80,57.88,213
IKKE,-1.9609,203,57.88,213
CK1A,-1.1676,137,57.74,215
ERK2,-1.1044,126,57.7,216
ULK3,-2.8524,275,57.66,217
TTBK2,-1.6734,187,57.54,218
WNK4,-2.0159,211,57.41,219
GSK3A,0.6238,22,57.24,220
CDK1,-1.3315,155,57.14,221
AKT2,-2.3108,243,57.04,222
PLK2,-2.3681,247,57.02,223
MEK1,-1.5166,174,56.53,224
P38D,-1.2979,150,56.45,225
MARK3,-2.9001,277,56.16,226
PKN3,-0.6456,85,56.16,226
AKT3,-3.6812,298,56.1,228
CLK3,-0.6877,90,56.09,229
MARK1,-2.9476,278,55.55,230
MEKK3,-2.0651,216,54.88,231
CK1E,-0.8014,98,54.67,232
CK1D,-2.0957,221,54.5,233
ZAK,-2.5793,266,54.26,234
BRAF,-2.1133,225,54.15,235
CK1G3,-1.7872,191,54.08,236
P38B,-1.4369,166,53.96,237
BRSK1,-3.1223,284,53.75,238
WNK2,-1.5009,172,53.56,239
ASK1,-4.5853,305,53.55,240
JNK2,-1.1855,139,53.44,241
PRP4,-1.6287,180,52.83,242
DYRK1B,-1.1586,134,52.6,243
BCKDK,-2.3759,248,52.07,244
PDK1,-2.454,258,51.23,245
HIPK1,-0.8119,99,51.2,246
CAMLCK,-1.0053,115,50.93,247
TSSK3,-3.2197,286,50.88,248
HIPK3,-0.9428,111,50.82,249
CK2A2,-4.0786,301,49.67,250
HIPK2,-1.6466,182,49.38,251
PAK4,-4.6709,308,49.13,252
TAO3,-2.2533,241,48.65,253
TTBK1,-3.5428,293,48.47,254
KIS,-1.8997,198,48.04,255
SRPK2,-1.979,205,47.68,256
DYRK2,-1.2366,146,47.39,257
GRK5,-1.4633,170,47.1,258
JNK3,-1.4903,171,46.9,259
DYRK3,-2.0411,214,46.79,260
CAMK2A,-1.7382,189,46.67,261
YANK2,-2.2467,239,46.66,262
NLK,-0.4773,69,46.14,263
RAF1,-1.3125,154,45.93,264
RSK2,-2.1543,229,45.54,265
EEF2K,-3.6506,296,45.39,266
CK2A1,-4.4348,304,45.35,267
VRK2,-2.5149,263,44.79,268
DYRK1A,-1.8766,197,44.58,269
RSK4,-2.9798,279,44.34,270
TAO1,-4.646,307,43.79,271
CLK1,-2.2293,237,43.57,272
HIPK4,-1.3671,158,43.21,273
PAK6,-3.958,300,43.15,274
DYRK4,-2.0087,209,42.88,275
P90RSK,-2.1776,231,42.84,276
CK1A2,-0.9218,109,42.04,277
MOS,-0.6025,79,41.85,278
SGK1,-3.6773,297,41.72,279
TAO2,-3.1108,283,41.44,280
ALK1,-1.5489,175,41.05,281
SRPK3,-2.1946,232,40.98,282
MTOR,-1.0797,123,40.5,283
PDHK1,-1.4285,165,40.38,284
BMPR1B,-2.0839,219,38.18,285
JNK1,-2.3173,244,37.98,286
CDC7,-1.652,183,37.97,287
ACVR2B,-2.4398,256,37.77,288
GRK3,-1.82,193,36.65,289
TAK1,-4.3933,303,35.22,290
CLK2,-2.6363,270,35.13,291
CLK4,-2.5821,267,34.35,292
GRK7,-4.1156,302,34.17,293
BMPR1A,-3.4788,291,33.86,294
ACVR2A,-2.4864,260,33.84,295
GRK2,-1.1462,130,33.3,296
ATM,-2.4394,255,32.22,297
ALK2,-2.8662,276,30.8,298
CK1G2,-2.8321,274,30.01,299
AURA,-4.5935,306,27.45,300
GRK4,-2.4414,257,26.73,301
GRK6,-2.4691,259,23.21,302
ALK7,-2.22,235,21.55,303
YANK3,-2.211,233,20.93,304
TGFBR1,-2.4896,261,19.98,305
GRK1,-2.2981,242,18.95,306
ALPHAK3,-5.4694,310,18.95,306
PRPK,-0.6453,84,18.87,308
DNAPK,-3.2974,289,16.68,309
ALK4,-2.0985,222,15.7,310
