index,Score,Score Rank,Percentile,Percentile Rank
MEKK1,2.1494,4,99.81,1
YSK1,1.8175,5,99.39,2
ANKRD3,1.742,6,99.38,3
NEK8,1.4124,8,99.23,4
MLK3,2.622,1,99.03,5
NEK5,1.3892,10,99.01,6
TAK1,0.87,31,99.0,7
NEK2,2.3,2,98.91,8
TTK,0.9818,24,98.8,9
MINK,1.3466,12,98.77,10
MYO3A,0.9374,28,98.62,11
NEK1,0.9849,23,98.61,12
MYO3B,1.0607,17,98.61,12
NEK4,1.0565,18,98.6,14
NEK3,1.0495,19,98.59,15
MST2,0.9404,27,98.41,16
LRRK2,0.6852,36,98.24,17
MST3,1.6677,7,98.15,18
MST1,1.2401,14,98.14,19
MEK5,0.1834,52,97.89,20
MEKK2,0.7356,35,97.88,21
HGK,0.9449,26,97.79,22
PKR,1.0044,21,97.76,23
MEKK6,-0.0012,64,97.76,23
STLK3,-0.6707,110,97.58,25
TNIK,1.0009,22,97.47,26
MAP3K15,0.4594,41,97.35,27
MLK2,1.3645,11,97.05,28
LOK,0.8231,33,96.95,29
MEK2,-0.6868,112,96.92,30
IRAK4,1.3927,9,96.53,31
TAO2,0.3099,46,96.44,32
NEK9,1.1094,16,96.12,33
TAO1,-0.2133,85,96.01,34
ZAK,0.4748,40,95.89,35
WNK4,1.3194,13,95.8,36
IRE2,1.1601,15,95.77,37
VRK1,-0.4861,102,95.76,38
OSR1,-0.205,84,95.52,39
ERK7,2.2485,3,95.36,40
MLK4,0.8941,29,95.33,41
KHS1,0.3777,44,95.13,42
MLK1,1.0269,20,95.12,43
MEKK3,0.228,49,95.07,44
SLK,0.2526,48,95.03,45
ASK1,-0.8326,118,95.02,46
HPK1,0.2155,50,94.82,47
CAMKK1,-0.1151,77,94.69,48
CAMKK2,-0.511,104,94.6,49
GCK,0.0316,61,93.81,50
YSK4,0.2697,47,93.3,51
EEF2K,-0.2189,87,93.23,52
KHS2,-0.0367,65,93.07,53
PKCI,0.8659,32,92.88,54
HRI,0.1574,54,92.85,55
VRK2,-0.5845,109,92.8,56
IRAK1,-0.0784,69,92.23,57
MEK1,-0.3979,98,92.18,58
RIPK3,0.511,39,92.07,59
QIK,0.8727,30,92.05,60
RIPK2,-0.8584,121,91.82,61
NEK11,-0.5186,105,91.73,62
PERK,-0.0781,68,91.32,63
LKB1,-0.2218,88,91.23,64
ROCK1,0.1566,55,90.77,65
STK33,-0.2361,90,90.71,66
PKCH,0.5125,38,90.44,67
PKCT,0.423,43,89.99,68
NIK,0.9563,25,89.92,69
ROCK2,0.3414,45,89.87,70
GAK,-0.5436,107,89.77,71
PKN1,0.0974,57,88.96,72
HUNK,0.0244,62,88.71,73
WNK2,0.7577,34,88.63,74
YANK2,0.0422,60,88.45,75
MASTL,-0.1231,78,88.19,76
SMMLCK,0.1812,53,87.84,77
PKCZ,0.4467,42,87.67,78
PKCE,-0.0591,67,87.36,79
MARK2,0.0034,63,87.2,80
WNK1,0.6423,37,86.97,81
MARK1,-0.1728,81,86.73,82
DLK,0.0585,59,86.58,83
TAO3,-0.2563,91,86.49,84
PHKG1,-0.1079,76,86.46,85
PBK,-1.0658,127,86.07,86
PKCG,-0.0467,66,85.66,87
MARK4,0.1381,56,85.42,88
PKN2,0.1968,51,85.31,89
PKCB,-0.084,71,85.25,90
PDK1,-0.7704,115,84.84,91
SIK,-0.0843,72,84.64,92
IRE1,-0.344,96,84.29,93
QSK,-0.2667,93,83.05,94
PKCA,-0.1848,82,82.93,95
DRAK1,-0.3946,97,82.8,96
SKMLCK,-0.2835,95,82.77,97
SNRK,-1.2784,139,82.62,98
NEK7,-0.4744,100,81.79,99
HASPIN,-1.7822,164,81.69,100
MARK3,-0.86,122,81.64,101
NUAK1,-0.506,103,81.59,102
PHKG2,-1.3721,146,81.47,103
SSTK,-0.7466,114,80.8,104
MELK,-0.2149,86,80.59,105
MST4,-0.2258,89,80.51,106
WNK3,-0.279,94,80.5,107
DSTYK,-0.0793,70,80.16,108
PKCD,-0.1517,80,79.94,109
BRAF,-1.0136,126,79.71,110
DAPK3,-1.0946,131,79.1,111
NUAK2,-0.104,74,77.25,112
SGK3,-0.4759,101,77.11,113
PINK1,-0.1321,79,76.91,114
MRCKB,-1.3634,144,76.78,115
CHK1,-0.2621,92,76.36,116
BIKE,-2.874,234,76.11,117
CHAK1,-0.9408,124,75.91,118
DAPK2,-0.0881,73,75.33,119
RIPK1,-0.6786,111,75.17,120
DMPK1,-2.1088,187,74.73,121
TTBK2,-0.7379,113,73.79,122
DAPK1,-1.5493,152,73.24,123
ULK3,-1.881,172,72.21,124
PKN3,0.078,58,71.74,125
MNK1,-1.3661,145,71.45,126
PKG1,-3.4052,260,71.29,127
PLK1,-0.8131,117,70.91,128
AMPKA1,-0.8013,116,70.37,129
TSSK2,-0.8552,120,70.14,130
ULK2,-1.0731,128,69.99,131
MYLK4,-1.6324,155,69.79,132
BRSK2,-2.0728,181,69.18,133
TTBK1,-2.1027,185,68.94,134
CAMK4,-1.6269,154,68.14,135
CAMK1G,-1.9658,178,67.91,136
BMPR2,-0.1901,83,67.62,137
CAMLCK,-0.5299,106,67.22,138
MRCKA,-2.3221,203,66.6,139
CAMK1A,-2.675,226,66.24,140
PAK3,-1.6027,153,65.7,141
TSSK1,-1.2863,140,65.59,142
CAMK1D,-1.9714,179,65.46,143
P70S6K,-2.302,201,65.44,144
CRIK,-2.9599,238,65.42,145
SMG1,-1.3744,147,65.36,146
AMPKA2,-1.3107,142,65.32,147
ERK2,-0.4105,99,64.53,148
PAK2,-1.9162,175,63.63,149
DCAMKL1,-1.2222,137,63.62,150
SGK1,-2.2553,198,63.47,151
CDK16,-0.9846,125,63.37,152
AKT1,-2.3806,208,63.05,153
MAPKAPK5,-2.3081,202,62.78,154
AKT3,-3.1705,251,62.18,155
CHK2,-2.7474,228,62.07,156
ALK1,-0.8808,123,61.09,157
CDK5,-1.0804,129,60.35,158
CDK6,-1.276,138,59.62,159
CDK4,-1.3864,148,59.15,160
RAF1,-0.8494,119,58.97,161
NIM1,-1.8613,170,58.49,162
CDK2,-1.7181,160,58.19,163
CDK17,-1.7876,165,58.01,164
ACVR2A,-1.5199,151,57.77,165
PIM2,-2.0076,180,57.2,166
DCAMKL2,-2.0793,183,57.13,167
PAK1,-2.1112,188,56.05,168
CDK14,-1.309,141,55.44,169
PKG2,-2.9546,236,55.32,170
ALK2,-1.8684,171,54.32,171
GCN2,-2.0987,184,53.96,172
NLK,-0.104,74,53.85,173
TLK1,-2.4126,210,53.65,174
ACVR2B,-1.7956,166,53.39,175
AAK1,-4.8226,298,53.2,176
PKACG,-2.5691,219,53.12,177
CDK18,-1.781,163,52.66,178
ALK4,-1.1332,133,52.24,179
ALPHAK3,-3.6372,268,51.86,180
MPSK1,-2.1597,190,51.45,181
AURB,-3.2546,253,51.25,182
MSK2,-2.6206,225,50.93,183
IKKA,-1.9634,177,50.86,184
TSSK4,-1.8576,169,50.03,185
ATM,-1.6811,157,49.96,186
NEK6,-2.0767,182,49.89,187
PLK4,-3.8227,272,49.48,188
ERK1,-1.9149,174,48.84,189
TGFBR2,-2.2261,195,48.55,190
BRSK1,-3.5138,263,47.79,191
CDKL2,-1.8108,167,47.61,192
CDK10,-2.7399,227,47.5,193
ULK1,-2.966,241,47.42,194
BUB1,-3.6216,265,47.11,195
SBK,-2.9621,239,47.1,196
RSK3,-2.5173,215,46.95,197
PRKD3,-2.6201,224,46.76,198
AKT2,-2.9051,235,46.4,199
PASK,-2.7991,229,46.07,200
CDK3,-4.2129,281,46.03,201
CK1G3,-2.162,191,45.53,202
CDK9,-2.2068,192,45.5,203
P38G,-2.2465,196,45.45,204
PAK5,-4.7485,296,44.8,205
P38A,-1.6974,158,44.12,206
ERK5,-1.3135,143,43.9,207
PKACA,-4.5043,289,43.69,208
BMPR1A,-3.0248,243,43.31,209
NDR1,-2.618,223,43.29,210
HIPK3,-1.6768,156,42.76,211
PLK3,-2.528,217,42.4,212
PRP4,-2.2162,193,42.32,213
P70S6KB,-2.3257,204,40.99,214
CDKL1,-1.0804,129,40.47,215
MSK1,-3.3891,259,40.11,216
COT,-1.1664,135,39.63,217
MAPKAPK3,-2.8489,232,39.17,218
TSSK3,-4.1547,280,38.78,219
CHAK2,-2.3425,205,38.1,220
P38B,-2.5789,220,38.07,221
BCKDK,-2.9624,240,37.75,222
DNAPK,-2.2495,197,37.62,223
DYRK1A,-2.4768,214,37.52,224
CAMK2D,-2.4211,211,37.01,225
PKACB,-4.2476,282,37.0,226
PAK4,-5.5828,303,36.95,227
CDKL5,-1.94,176,36.81,228
ICK,-4.1206,278,36.51,229
MNK2,-3.0837,246,36.21,230
PLK2,-3.7185,270,36.04,231
CK1G2,-2.602,221,35.42,232
CDK12,-3.062,245,34.57,233
PIM1,-2.3802,207,34.5,234
MOK,-3.5563,264,34.28,235
HIPK1,-2.4418,213,33.4,236
JNK2,-2.2772,200,33.27,237
PDHK4,-1.1316,132,33.13,238
CDK7,-2.8033,230,32.32,239
DYRK3,-3.4291,261,32.25,240
TBK1,-2.5583,218,32.21,241
P38D,-3.3022,256,31.27,242
BMPR1B,-2.3611,206,31.11,243
YANK3,-1.8439,168,30.46,244
TLK2,-2.8695,233,30.36,245
MAK,-4.0892,277,29.74,246
PDHK1,-1.706,159,29.42,247
DYRK1B,-3.2924,255,29.24,248
CLK3,-2.2601,199,28.3,249
AURC,-4.6956,295,28.25,250
CDK13,-2.2206,194,27.59,251
GRK7,-4.5416,290,27.38,252
JNK3,-2.4227,212,26.13,253
PAK6,-5.2359,301,25.9,254
PIM3,-2.5204,216,25.37,255
CLK4,-3.2738,254,24.7,256
CAMK1B,-1.4657,150,24.21,257
JNK1,-3.1123,247,23.85,258
CAMK2A,-3.1207,248,23.61,259
ATR,-1.1732,136,23.02,260
CLK1,-4.0135,276,22.81,261
TGFBR1,-2.3983,209,21.95,262
CDK1,-3.6493,269,21.79,263
CAMK2B,-3.8838,273,21.49,264
IKKE,-3.3729,258,20.94,265
PRKD2,-4.5796,292,20.83,266
AURA,-5.069,299,20.59,267
GRK6,-2.6116,222,20.49,268
HIPK2,-4.6099,293,19.66,269
CAMK2G,-1.8926,173,19.09,270
FAM20C,-5.8856,304,18.96,271
IKKB,-3.3051,257,18.82,272
MTOR,-2.1241,189,18.59,273
GSK3B,-0.5596,108,18.57,274
CK1G1,-3.9944,274,18.55,275
LATS2,-4.4286,287,18.54,276
RSK4,-4.6633,294,18.45,277
PRKX,-6.3508,306,18.34,278
P90RSK,-3.4808,262,18.12,279
RSK2,-3.6348,267,17.91,280
CDK19,-4.5732,291,17.84,281
PRKD1,-4.1336,279,17.81,282
HIPK4,-3.6252,266,15.64,283
GRK4,-3.0617,244,15.38,284
DYRK2,-3.7896,271,15.34,285
GRK5,-2.8139,231,15.06,286
MOS,-1.3929,149,14.5,287
CDK8,-4.0065,275,14.01,288
GRK2,-1.7258,161,12.98,289
SRPK2,-4.4412,288,12.14,290
SRPK1,-4.2598,283,11.07,291
DYRK4,-4.8071,297,10.73,292
MAPKAPK2,-5.8999,305,10.28,293
NDR2,-5.2035,300,9.96,294
CK1D,-5.2916,302,9.78,295
ALK7,-2.9568,237,9.55,296
GRK3,-3.2229,252,9.41,297
CK1A2,-2.1028,186,9.15,298
CDC7,-3.1446,250,8.64,299
CK2A2,-6.6411,308,8.39,300
GSK3A,-1.7384,162,7.74,301
LATS1,-4.4261,286,7.63,302
CK1A,-4.2663,284,7.54,303
GRK1,-2.9949,242,7.43,304
SRPK3,-4.4025,285,7.36,305
CK1E,-3.1311,249,6.67,306
CK2A1,-6.9213,310,6.04,307
KIS,-6.7213,309,4.17,308
CLK2,-6.5783,307,3.66,309
PRPK,-1.1498,134,2.95,310
