index,Score,Score Rank,Percentile,Percentile Rank
VRK1,1.8041,5,99.82,1
SMG1,3.8704,1,99.66,2
TAK1,1.258,8,99.42,3
VRK2,0.3205,16,98.64,4
NEK5,1.1994,9,98.59,5
STLK3,-0.2823,35,98.35,6
TLK2,2.2827,4,98.25,7
ATR,2.5309,3,98.1,8
ATM,2.5926,2,97.5,9
MST2,0.1888,21,96.46,10
OSR1,-0.131,29,95.8,11
MEK2,-0.9915,72,95.42,12
TLK1,0.9113,10,95.38,13
MARK2,1.7449,6,95.37,14
MEK1,-0.2325,33,94.16,15
NEK8,-0.1677,30,93.74,16
CAMKK1,-0.2947,36,93.59,17
MEKK2,-0.0744,24,93.27,18
DNAPK,1.3356,7,93.06,19
ASK1,-1.2694,91,92.84,20
MARK3,0.688,12,91.93,21
MYO3A,-1.3543,100,91.62,22
GAK,-0.3656,41,91.52,23
LKB1,-0.2228,32,91.22,24
CAMKK2,-1.083,77,91.03,25
NEK1,-0.7301,61,90.86,26
MARK4,0.7624,11,90.65,27
MYO3B,-1.2417,89,90.61,28
MLK2,0.4493,13,90.48,29
BRAF,-0.3521,40,90.1,30
PKR,-0.1287,28,89.57,31
MARK1,0.204,20,89.24,32
NEK4,-0.6994,59,88.71,33
TTK,-1.7627,135,88.29,34
MAP3K15,-0.971,70,88.25,35
NEK9,0.2328,18,88.2,36
MEKK1,-0.5251,53,87.95,37
MEK5,-0.8859,69,87.41,38
PERK,-0.477,48,87.24,39
DAPK3,-0.0565,23,86.95,40
DRAK1,-0.0961,25,86.53,41
BMPR2,0.2807,17,86.16,42
PDK1,-0.6933,58,85.8,43
TAO1,-1.8682,145,85.55,44
GCK,-0.9819,71,85.42,45
EEF2K,-1.3159,97,84.75,46
MINK,-1.5572,116,84.29,47
QSK,-0.1193,27,84.28,48
ANKRD3,-0.3015,37,84.09,49
ACVR2B,0.3403,15,83.92,50
YSK1,-1.7386,133,83.85,51
MLK1,-0.2561,34,83.48,52
DAPK1,-0.4043,46,82.7,53
TNIK,-1.3054,95,82.64,54
NEK3,-1.3475,99,82.58,55
MEKK6,-2.3159,177,82.48,56
BIKE,-2.2314,171,82.39,57
SIK,-0.4236,47,82.17,58
TAO2,-1.3396,98,81.51,59
NEK7,-0.4974,51,81.46,60
DAPK2,0.4413,14,81.43,61
KHS1,-1.4555,108,81.11,62
SLK,-1.5124,113,81.1,63
HRI,-0.8445,66,80.91,64
LRRK2,-1.5618,118,80.77,65
MLK3,-0.6327,56,80.72,66
TAO3,-0.6845,57,80.66,67
HGK,-1.5861,120,80.44,68
LOK,-1.4336,104,79.97,69
MST1,-1.4166,103,79.86,70
NEK2,-0.3938,43,78.63,71
ACVR2A,-0.3104,38,77.86,72
CK1D,-0.3955,44,77.82,73
QIK,-0.8479,68,77.42,74
IRAK1,-1.488,111,77.17,75
ALPHAK3,-2.0348,156,77.08,76
YSK4,-1.127,81,76.66,77
BRSK1,-1.3084,96,76.55,78
BRSK2,-1.4336,104,76.49,79
HPK1,-1.8726,147,76.23,80
MLK4,-1.4827,110,75.59,81
TGFBR1,-0.0986,26,75.0,82
KHS2,-2.0647,160,74.46,83
ROCK1,-2.2677,173,74.44,84
SNRK,-2.0791,161,74.05,85
ERK7,-0.5206,52,73.57,86
SSTK,-1.6762,126,71.56,87
NEK11,-1.9266,151,70.99,88
AAK1,-3.5508,234,70.97,89
ROCK2,-2.1051,162,69.92,90
CK1G3,-1.0237,76,69.65,91
NIM1,-1.2903,93,69.09,92
RIPK2,-3.0251,206,68.8,93
BMPR1A,-1.477,109,68.62,94
SMMLCK,-1.7377,132,68.53,95
PINK1,-0.6299,55,68.26,96
MEKK3,-1.5396,114,68.09,97
IRAK4,-1.5556,115,67.93,98
RIPK3,-1.4372,106,67.75,99
JNK3,0.2106,19,67.55,100
ALK4,-0.7178,60,67.27,101
MPSK1,-1.2691,90,67.04,102
SKMLCK,-1.9999,153,66.82,103
MYLK4,-1.8705,146,66.81,104
TSSK1,-1.2011,86,66.71,105
CK1G2,-1.2026,87,66.7,106
BMPR1B,-0.7636,62,66.65,107
P38D,0.1444,22,66.29,108
PLK2,-1.7263,131,65.95,109
DSTYK,-0.9985,73,65.69,110
HASPIN,-3.0192,205,65.44,111
DLK,-0.7979,64,64.9,112
CHAK2,-1.1385,83,64.89,113
MST3,-1.8275,140,64.14,114
JNK1,-0.3761,42,63.64,115
RIPK1,-1.3691,101,63.5,116
STK33,-2.4827,184,63.2,117
MELK,-1.7086,130,62.89,118
ULK2,-1.4472,107,62.77,119
JNK2,-0.479,49,62.02,120
CHAK1,-1.9108,150,61.01,121
ZAK,-2.2931,175,60.93,122
NEK6,-1.5588,117,59.99,123
PKN3,-0.4868,50,59.96,124
PRP4,-1.0874,78,59.47,125
ALK2,-1.6394,124,59.18,126
GCN2,-1.8448,142,58.87,127
TSSK2,-1.6214,123,58.82,128
CDK8,-1.18,85,58.44,129
PKG1,-4.8037,285,58.13,130
AMPKA2,-1.8015,138,58.07,131
MRCKB,-3.0575,208,58.03,132
GRK5,-1.0226,74,57.81,133
CAMLCK,-0.8355,65,57.75,134
PASK,-2.2142,168,57.49,135
PBK,-3.6412,242,57.31,136
WNK4,-2.0644,159,56.55,137
DMPK1,-3.6677,243,56.31,138
TTBK2,-1.7546,134,56.09,139
CAMK1A,-3.5735,235,55.83,140
HUNK,-1.8554,143,55.75,141
TGFBR2,-1.9079,149,55.37,142
TTBK1,-3.1132,213,54.74,143
CDK2,-2.0597,158,54.43,144
P38A,-1.0235,75,53.66,145
CAMK1D,-2.887,196,53.53,146
PRPK,-0.1851,31,53.52,147
AMPKA1,-1.8748,148,53.2,148
P38G,-1.786,137,52.76,149
BUB1,-3.2132,220,52.62,150
ULK1,-2.7485,192,51.99,151
PLK3,-2.0118,154,51.87,152
CDK19,-2.1204,164,51.47,153
CHK1,-1.785,136,51.16,154
CAMK1G,-3.1225,215,51.11,155
RAF1,-1.1252,80,51.08,156
AKT1,-3.2621,222,50.51,157
PAK2,-2.713,191,49.84,158
GRK1,-1.1315,82,49.67,159
NLK,-0.3141,39,49.62,160
GRK7,-3.1737,219,49.61,161
NIK,-0.7686,63,49.26,162
AURB,-3.3868,227,49.11,163
MRCKA,-3.6362,240,48.63,164
PKCD,-2.124,165,48.5,165
NUAK1,-2.9271,198,48.22,166
PKCB,-2.9669,201,47.92,167
P38B,-2.0269,155,47.06,168
MAPKAPK5,-3.283,225,47.01,169
DYRK2,-1.2929,94,46.75,170
MASTL,-1.5873,121,46.56,171
HIPK4,-1.1083,79,46.54,172
GRK4,-1.5752,119,46.53,173
COT,-0.8466,67,46.48,174
CRIK,-4.4295,274,46.2,175
WNK3,-2.2476,172,45.61,176
PRKD1,-2.113,163,45.28,177
PAK3,-2.8856,195,45.18,178
PKCT,-3.7903,250,44.98,179
ALK7,-1.2244,88,44.94,180
ERK1,-2.2159,169,44.77,181
MOK,-2.5474,187,44.28,182
CDK3,-4.3664,271,44.24,183
IKKA,-2.3042,176,44.13,184
YANK2,-2.3635,180,43.98,185
WNK1,-2.1679,167,43.57,186
PKCH,-3.4383,232,43.03,187
IKKB,-1.8622,144,42.95,188
ULK3,-3.786,249,42.75,189
CHK2,-4.1038,262,42.5,190
ERK2,-2.1247,166,42.47,191
TSSK3,-3.9405,254,41.46,192
DCAMKL1,-2.5398,186,41.38,193
CDK6,-3.0155,204,41.27,194
PLK1,-2.3553,178,40.8,195
PAK1,-3.0331,207,39.97,196
CK2A1,-4.7573,284,39.81,197
MNK1,-3.6248,239,39.45,198
GRK6,-1.6931,128,39.1,199
PRKD3,-3.0967,211,38.93,200
IRE1,-3.1394,217,38.68,201
CDC7,-1.647,125,38.12,202
DCAMKL2,-3.0641,210,37.49,203
CK2A2,-4.84,287,37.2,204
IRE2,-3.3905,229,36.88,205
PKCA,-3.4707,233,36.77,206
ALK1,-1.6915,127,36.76,207
TSSK4,-2.6315,188,36.68,208
CAMK1B,-1.1664,84,36.57,209
CAMK4,-3.6155,238,36.55,210
DYRK3,-3.1038,212,36.0,211
PKCZ,-3.2687,223,35.99,212
NUAK2,-2.3626,179,35.87,213
CK1A,-2.0476,157,34.94,214
WNK2,-2.3961,182,34.66,215
CK1G1,-2.8351,193,34.47,216
CK1E,-1.4909,112,34.09,217
SGK3,-3.5984,236,33.95,218
ERK5,-1.8027,139,33.93,219
GSK3A,-0.3963,45,33.9,220
CLK1,-3.0606,209,33.6,221
HIPK1,-2.4491,183,33.3,222
CAMK2B,-3.0121,203,33.24,223
PKG2,-4.4712,277,32.88,224
DYRK4,-2.8577,194,32.59,225
CAMK2D,-2.6887,190,32.28,226
CDK4,-3.6026,237,32.25,227
PHKG2,-5.7962,301,32.2,228
PKACA,-5.2676,296,32.02,229
SGK1,-4.2618,267,31.24,230
DYRK1B,-3.1359,216,31.16,231
ICK,-4.7238,283,30.71,232
MAPKAPK3,-3.4232,231,30.58,233
MST4,-3.2773,224,30.19,234
MAK,-4.0897,261,29.74,235
PHKG1,-4.4471,276,29.69,236
TBK1,-2.6625,189,29.68,237
CDK1,-3.2477,221,29.64,238
HIPK2,-3.6368,241,29.64,238
PAK5,-5.9619,304,29.38,240
AKT2,-3.8182,251,29.29,241
CDK5,-3.6886,245,29.0,242
IKKE,-3.0032,202,28.92,243
PKCI,-4.8516,288,28.81,244
DYRK1A,-3.1134,214,28.76,245
PKN2,-3.7009,246,28.59,246
CDK16,-4.2888,269,28.17,247
PKCE,-5.2116,294,27.7,248
PLK4,-5.2264,295,27.19,249
PRKD2,-4.0422,259,27.01,250
AKT3,-5.8471,302,27.01,250
CLK4,-3.1518,218,26.41,252
SBK,-4.4453,275,26.02,253
PKN1,-5.9727,305,25.6,254
HIPK3,-3.2876,226,25.59,255
PKACB,-5.0411,291,25.43,256
AURC,-4.9396,290,24.98,257
CDK17,-4.204,263,24.7,258
MNK2,-3.8828,253,24.69,259
MSK1,-4.3357,270,24.58,260
GRK3,-2.3773,181,23.69,261
GRK2,-1.4011,102,23.32,262
PKCG,-4.7201,282,23.31,263
AURA,-4.9298,289,22.45,264
CDK14,-4.4036,273,22.21,265
FAM20C,-5.6645,299,21.24,266
CAMK2G,-1.8354,141,20.81,267
CDK9,-3.9622,255,20.79,268
MSK2,-4.2324,265,20.74,269
YANK3,-2.2235,170,20.65,270
PKACG,-4.664,281,20.52,271
CDK7,-3.6882,244,20.41,272
PDHK1,-1.9874,152,19.96,273
NDR1,-4.0399,257,19.88,274
CLK2,-4.0682,260,19.65,275
CDK18,-4.5771,279,19.61,276
CK1A2,-1.603,122,19.54,277
PIM2,-4.023,256,19.27,278
MAPKAPK2,-4.8214,286,19.06,279
P70S6K,-5.4348,297,19.06,279
PIM3,-2.9102,197,18.85,281
CLK3,-2.9489,200,18.3,282
GSK3B,-0.5668,54,18.24,283
CDK10,-5.9928,306,17.63,284
NDR2,-4.2855,268,17.36,285
MOS,-1.2869,92,17.31,286
PAK4,-7.3409,309,16.76,287
PAK6,-6.1415,307,16.43,288
PIM1,-3.387,228,16.14,289
P70S6KB,-3.412,230,15.69,290
SRPK1,-3.8709,252,14.83,291
PDHK4,-1.6997,129,14.73,292
SRPK3,-3.7512,248,14.62,293
SRPK2,-4.2145,264,14.54,294
CDK13,-2.9331,199,13.55,295
CDK12,-4.6296,280,13.33,296
MTOR,-2.5021,185,12.84,297
BCKDK,-4.3952,272,12.74,298
CDKL2,-4.2487,266,11.79,299
CAMK2A,-4.0403,258,11.74,300
LATS2,-5.1886,293,11.17,301
CDKL1,-2.2871,174,9.99,302
CDKL5,-3.7396,247,9.55,303
PRKX,-7.4685,310,9.18,304
RSK4,-5.6309,298,8.42,305
P90RSK,-4.522,278,6.7,306
RSK3,-5.7836,300,4.8,307
LATS1,-5.1566,292,3.94,308
KIS,-7.1968,308,2.95,309
RSK2,-5.92,303,1.35,310
