index,Score,Score Rank,Percentile,Percentile Rank
HPK1,1.9533,3,98.98,1
KHS2,1.9835,2,98.67,2
KHS1,1.8359,4,98.66,3
LOK,1.3834,7,98.32,4
SLK,1.0913,15,97.73,5
TAO1,0.3895,31,97.62,6
TNIK,0.8766,20,97.15,7
MEKK6,-0.2377,66,97.14,8
DMPK1,2.3039,1,97.07,9
HGK,0.5209,23,96.72,10
MYO3A,-0.1398,58,96.65,11
MINK,0.2591,38,96.57,12
MST3,1.0079,18,96.15,13
YSK1,-0.0105,49,96.03,14
GCK,0.3828,33,95.6,15
NEK4,0.1633,44,95.53,16
TAO2,0.0826,45,95.34,17
ROCK1,1.3358,9,94.68,18
PKG1,1.3583,8,93.88,19
MRCKB,1.7105,5,93.7,20
ROCK2,1.1306,12,93.43,21
SMMLCK,1.0276,17,92.86,22
MYO3B,-0.9794,101,92.21,23
MRCKA,1.1078,13,91.73,24
SKMLCK,1.3164,10,91.66,25
PHKG2,0.2312,40,91.4,26
ASK1,-1.5034,137,91.31,27
MAP3K15,-0.6896,89,91.0,28
PDK1,-0.2439,67,90.86,29
MEKK2,-0.3615,70,90.58,30
VRK1,-1.3097,123,90.58,30
PKG2,1.1039,14,90.52,32
STLK3,-2.5458,200,90.39,33
MST4,0.7804,21,90.34,34
ULK3,-0.1535,60,90.17,35
PKACA,1.1921,11,90.14,36
SGK3,1.4491,6,90.05,37
CHK2,1.0426,16,89.73,38
GAK,-0.5594,81,89.59,39
RIPK2,-1.199,114,89.45,40
MEK5,-0.7596,92,89.45,40
MEK2,-1.7843,159,89.01,42
TAO3,-0.0791,53,88.56,43
NEK11,-0.8336,94,88.55,44
AURB,0.3844,32,88.18,45
DAPK1,0.4349,27,88.03,46
PKN1,-0.1389,57,87.68,47
HASPIN,-1.1244,106,87.64,48
DCAMKL2,0.4389,26,87.52,49
PKCE,-0.0305,50,87.51,50
PKN2,0.4575,24,87.5,51
DAPK3,0.0229,48,87.47,52
PKCI,-0.1424,59,87.04,53
LRRK2,-1.0877,103,86.94,54
CAMK4,0.3433,34,86.76,55
NEK1,-1.1613,111,86.74,56
WNK3,0.2218,41,86.5,57
CRIK,-0.3672,71,86.07,58
CAMK1A,0.0569,46,86.0,59
WNK4,-0.0576,51,85.93,60
AKT1,0.3145,35,85.69,61
BRAF,-0.6856,88,85.52,62
SSTK,-0.1856,63,85.36,63
TAK1,-1.751,155,85.31,64
SGK1,0.6087,22,85.23,65
PAK6,-0.2054,65,85.21,66
MYLK4,0.2569,39,84.84,67
CAMK1D,0.4082,28,84.78,68
CAMK1B,0.9922,19,84.54,69
MST1,-1.1036,105,83.81,70
MEKK3,-0.7461,91,83.76,71
TLK1,-0.6049,82,83.53,72
AKT2,0.3145,35,83.47,73
PASK,-0.1598,61,83.27,74
WNK1,0.2825,37,82.95,75
PKACG,0.0247,47,82.85,76
NIK,0.4544,25,82.76,77
PKCT,-0.6594,83,82.32,78
P70S6KB,0.3965,29,81.98,79
IRAK4,-0.4864,77,81.73,80
SBK,0.1697,43,81.6,81
MEK1,-0.9029,98,81.24,82
EEF2K,-1.6406,145,81.22,83
NEK3,-1.4981,135,80.66,84
PBK,-1.743,154,80.43,85
DNAPK,-0.1659,62,80.35,86
CAMLCK,0.3941,30,80.32,87
PKACB,-0.4322,75,80.28,88
PRKD3,-0.0655,52,80.17,89
TSSK1,-0.0981,54,80.11,90
BIKE,-2.5283,199,79.74,91
TSSK2,-0.1143,55,79.61,92
QIK,-0.6746,86,79.43,93
P70S6K,-0.8441,96,79.24,94
VRK2,-1.458,131,79.15,95
PKCH,-0.8934,97,79.14,96
PDHK1,-0.3244,69,79.03,97
AKT3,-1.2803,121,78.92,98
PAK5,-1.6723,148,78.73,99
DAPK2,0.1798,42,78.71,100
IRAK1,-1.3779,126,78.62,101
PKCD,-0.2677,68,78.56,102
WNK2,-0.1167,56,78.44,103
TTK,-2.783,216,78.31,104
AURC,-0.93,99,78.15,105
MNK1,-0.783,93,78.09,106
BCKDK,-1.0781,102,78.0,107
RIPK1,-0.5229,78,77.53,108
MST2,-2.044,172,77.48,109
PKR,-0.8378,95,77.4,110
AURA,-1.3279,125,77.4,110
PIM2,-0.4504,76,77.36,112
NEK2,-0.5243,79,76.76,113
PRKX,-1.2717,118,75.9,114
AAK1,-3.1475,235,75.36,115
PKCG,-1.1033,104,75.23,116
CHK1,-0.4254,73,74.11,117
PAK2,-1.2122,115,73.88,118
HRI,-1.2762,119,72.96,119
PHKG1,-1.4692,132,72.32,120
ZAK,-1.7579,156,71.92,121
DCAMKL1,-0.6632,84,71.48,122
PAK3,-1.1937,112,71.44,123
ATR,-0.2049,64,71.24,124
CAMK1G,-1.6991,151,70.95,125
RAF1,-0.3934,72,70.89,126
MELK,-1.1394,109,70.28,127
DRAK1,-1.1247,107,70.19,128
PKCA,-1.2934,122,70.13,129
MARK1,-2.0062,169,68.74,130
ALPHAK3,-2.6603,208,68.64,131
BRSK2,-2.1171,177,68.63,132
RIPK3,-1.3896,127,68.57,133
SNRK,-2.5463,201,68.31,134
CAMK2D,-0.6722,85,68.3,135
YSK4,-1.586,144,68.22,136
PAK4,-3.1121,232,67.85,137
LKB1,-1.817,161,67.79,138
PKCB,-1.6964,150,66.95,139
PAK1,-1.4783,133,66.17,140
MAPKAPK3,-1.1312,108,65.39,141
BUB1,-2.2784,184,65.04,142
NEK8,-2.2291,183,64.87,143
YANK2,-1.4104,129,64.63,144
AMPKA2,-1.3897,128,64.18,145
MARK2,-2.2121,182,63.63,146
RSK2,-1.1612,110,63.57,147
AMPKA1,-1.2614,117,63.28,148
OSR1,-3.4232,246,63.03,149
RSK4,-1.7736,158,62.99,150
NEK5,-1.8154,160,62.45,151
PRKD2,-1.5129,139,62.23,152
CAMKK2,-3.1246,233,61.81,153
SMG1,-1.4819,134,60.83,154
PDHK4,-0.5519,80,60.8,155
PKCZ,-1.7309,152,60.58,156
IRE2,-2.0463,173,60.43,157
TSSK4,-1.257,116,60.13,158
NDR1,-1.6454,146,60.12,159
TBK1,-1.5325,141,59.83,160
SIK,-2.5275,198,59.59,161
MNK2,-1.6858,149,58.73,162
MSK1,-2.3317,187,57.53,163
ICK,-1.9603,165,57.47,164
CHAK1,-2.1467,179,57.15,165
IKKE,-1.9887,168,57.1,166
P90RSK,-1.5315,140,56.07,167
ANKRD3,-1.5025,136,55.93,168
TLK2,-1.6693,147,55.56,169
CAMK2B,-1.5703,143,54.46,170
BRSK1,-3.1425,234,53.48,171
RSK3,-2.167,181,53.4,172
QSK,-2.6467,206,52.98,173
PIM1,-1.5085,138,52.34,174
CLK1,-1.5428,142,51.97,175
PLK4,-3.6801,255,51.88,176
TTBK1,-3.3393,243,51.5,177
CAMKK1,-3.0183,227,51.05,178
CLK3,-0.9753,100,50.86,179
CK1A2,-0.6812,87,50.71,180
MEKK1,-2.3691,189,49.32,181
MARK3,-3.3382,242,49.21,182
NUAK1,-2.8886,221,48.89,183
IRE1,-2.6339,205,47.64,184
PLK1,-2.0277,171,47.42,185
CK1G3,-2.1039,176,46.85,186
STK33,-3.4509,248,46.74,187
CDK14,-2.149,180,46.54,188
TSSK3,-3.6005,254,45.99,189
ACVR2A,-2.0134,170,45.85,190
NUAK2,-1.8876,164,45.52,191
CLK4,-1.7589,157,45.27,192
CDK10,-2.9721,226,45.15,193
CDKL2,-1.963,166,44.95,194
MPSK1,-2.56,202,44.09,195
MARK4,-2.4016,192,43.44,196
MAPKAPK5,-3.5524,252,42.64,197
TTBK2,-2.519,197,42.39,198
MOK,-2.8257,217,41.56,199
CK1G2,-2.3615,188,41.17,200
IKKA,-2.4868,196,40.78,201
PKN3,-1.2788,120,40.33,202
TGFBR2,-2.6582,207,39.2,203
ALK4,-1.4555,130,39.04,204
MAPKAPK2,-3.1852,236,38.72,205
MAK,-3.2454,237,37.82,206
NEK9,-2.4046,193,37.63,207
CDK4,-3.3127,241,36.01,208
PRKD1,-2.7394,211,35.9,209
PERK,-3.0505,229,35.77,210
ALK1,-1.7344,153,35.43,211
CAMK2A,-2.3853,190,35.38,212
HIPK3,-2.3952,191,34.74,213
MSK2,-3.5283,250,33.13,214
MLK2,-2.3268,186,32.79,215
SRPK2,-2.9043,223,32.57,216
CDK5,-3.4237,247,32.38,217
YANK3,-1.8203,163,31.12,218
BMPR2,-0.6978,90,30.78,219
ERK7,-3.8423,263,30.37,220
DLK,-1.8182,162,29.95,221
CDK9,-3.2724,239,29.64,222
CDK6,-3.9698,270,29.16,223
DYRK3,-3.693,256,29.09,224
NLK,-1.326,124,27.88,225
HIPK1,-2.9496,224,27.72,226
CHAK2,-2.8423,219,27.71,227
ACVR2B,-2.8512,220,27.66,228
MLK3,-3.3051,240,26.78,229
JNK2,-2.6176,204,26.19,230
CDK16,-4.449,280,26.08,231
ALK2,-3.0896,231,25.55,232
MLK1,-2.9669,225,25.17,233
GSK3B,-0.4315,74,24.65,234
ALK7,-2.0889,174,24.34,235
GRK6,-2.423,194,24.05,236
P38A,-2.8278,218,23.94,237
CDK3,-5.8389,302,23.51,238
ATM,-2.895,222,22.58,239
DSTYK,-3.5412,251,22.35,240
CDKL5,-2.7827,215,22.06,241
SRPK3,-3.2543,238,22.01,242
CK1G1,-3.6943,257,21.74,243
DYRK1A,-3.5975,253,21.73,244
NIM1,-3.8716,264,21.27,245
PIM3,-2.7687,213,21.05,246
CDK18,-4.5014,282,20.38,247
LATS2,-4.2921,277,20.15,248
CLK2,-4.0437,273,19.89,249
NDR2,-4.0382,272,19.74,250
CK1D,-4.4295,279,18.67,251
PLK3,-3.9929,271,18.49,252
CDK17,-4.6998,285,18.39,253
MLK4,-4.813,288,17.88,254
CDK7,-3.9168,268,17.74,255
IKKB,-3.3959,244,17.69,256
HIPK4,-3.4759,249,17.24,257
ULK2,-3.8992,265,17.01,258
CDKL1,-1.976,167,16.11,259
SRPK1,-3.7899,260,15.67,260
COT,-2.5864,203,15.65,261
PLK2,-5.2382,295,15.55,262
NEK7,-4.2465,276,15.14,263
ERK5,-2.6892,210,14.56,264
MASTL,-2.6811,209,14.11,265
ERK2,-4.0944,274,13.73,266
FAM20C,-6.4962,304,13.5,267
MTOR,-2.4675,195,13.35,268
CDK2,-4.3409,278,13.1,269
CAMK2G,-2.1375,178,12.81,270
P38B,-3.901,266,12.6,271
CDK12,-4.7728,286,11.9,272
GRK5,-3.023,228,11.38,273
DYRK1B,-4.9461,290,11.09,274
GRK7,-5.8306,301,10.81,275
PINK1,-3.8147,261,10.53,276
CK1E,-2.7728,214,10.05,277
HIPK2,-5.745,300,9.95,278
HUNK,-4.4588,281,9.5,279
BMPR1A,-4.8763,289,9.34,280
LATS1,-4.2374,275,9.01,281
ULK1,-5.5552,297,8.22,282
ERK1,-5.2257,294,8.11,283
DYRK2,-4.532,283,7.99,284
GRK1,-3.0846,230,6.45,285
TGFBR1,-3.4064,245,5.97,286
GRK4,-3.8391,262,5.83,287
P38D,-5.4539,296,5.15,288
JNK3,-3.7577,258,4.72,289
CDK13,-3.7694,259,4.18,290
GSK3A,-2.0902,175,4.11,291
P38G,-5.0183,291,4.05,292
DYRK4,-5.9989,303,3.37,293
GRK3,-3.9053,267,3.29,294
NEK6,-5.6811,299,3.26,295
BMPR1B,-3.968,269,3.14,296
GRK2,-2.2786,185,2.96,297
CK1A,-5.151,293,2.93,298
GCN2,-6.6181,306,2.9,299
PRPK,-1.1967,113,2.33,300
KIS,-7.5642,308,2.13,301
JNK1,-5.0367,292,2.0,302
PRP4,-4.5348,284,1.57,303
CDK19,-7.3295,307,1.36,304
CK2A1,-7.9714,309,0.98,305
CDK1,-5.6659,298,0.95,306
CDC7,-4.7756,287,0.46,307
CDK8,-6.5962,305,0.39,308
MOS,-2.7529,212,0.35,309
CK2A2,-8.5815,310,0.24,310
