index,Score,Score Rank,Percentile,Percentile Rank
SMG1,4.6201,1,99.9,1
ATM,3.7322,2,99.06,2
ATR,2.6809,3,98.46,3
GCN2,0.7827,8,95.64,4
MAPKAPK5,1.9039,4,94.78,5
TLK1,0.4566,10,92.97,6
DNAPK,1.1729,6,92.22,7
MAPKAPK3,1.8162,5,92.0,8
HUNK,0.3603,14,91.95,9
SNRK,-0.1823,27,90.97,10
HRI,-0.1314,25,90.39,11
STLK3,-2.741,197,89.08,12
IRAK1,-0.4791,37,88.97,13
MELK,0.798,7,88.64,14
BMPR2,0.3703,13,88.21,15
CAMK4,0.3949,12,87.1,16
CAMK1A,0.0832,18,86.12,17
RIPK2,-1.6538,113,85.54,18
NIM1,-0.1425,26,85.28,19
TGFBR2,-0.1902,28,85.21,20
CAMK1G,-0.1101,23,85.04,21
PKG1,-1.1968,77,84.86,22
TLK2,0.0238,19,84.36,23
TTBK1,-0.8817,59,83.8,24
NUAK1,-0.2584,30,83.76,25
NEK9,-0.1243,24,83.02,26
PERK,-0.8093,55,82.84,27
MEK2,-2.2519,163,82.58,28
VRK1,-2.1127,151,82.0,29
CK1A2,0.3952,11,81.09,30
MARK2,-0.7752,51,80.96,31
ULK1,-1.1855,76,80.52,32
MASTL,-0.5037,41,80.34,33
DAPK2,0.2968,16,79.95,34
SIK,-0.7194,49,79.89,35
VRK2,-1.4391,96,79.55,36
DCAMKL2,-0.5341,42,79.31,37
ACVR2A,-0.2,29,79.15,38
NEK7,-0.6536,44,79.09,39
QIK,-0.7297,50,78.79,40
MAPKAPK2,0.0137,21,78.66,41
NEK2,-0.4118,36,78.37,42
PRKD3,-0.2981,32,78.17,43
SSTK,-1.0768,72,77.82,44
TSSK1,-0.3285,33,77.63,45
NEK3,-1.7324,121,77.48,46
CAMK2D,-0.026,22,77.4,47
CAMK1D,-0.8017,53,77.05,48
PHKG1,-1.1229,73,76.52,49
PHKG2,-1.9578,145,76.44,50
BUB1,-1.3573,88,76.07,51
TAK1,-2.4084,177,76.02,52
CHK2,-1.491,102,75.81,53
MRCKA,-1.414,95,75.77,54
ACVR2B,-0.4845,38,75.58,55
PRKD1,0.015,20,75.33,56
AURB,-1.5591,107,74.61,57
CAMKK1,-1.9006,140,73.93,58
NEK1,-2.0508,150,73.88,59
MYLK4,-1.2449,81,73.83,60
CAMK1B,0.1105,17,73.72,61
PAK4,-2.5211,185,73.61,62
MARK1,-1.6003,111,73.59,63
NEK5,-1.2707,83,73.43,64
ULK3,-1.7953,133,73.42,65
PLK3,-0.6732,45,73.31,66
QSK,-1.263,82,72.86,67
CAMKK2,-2.6028,190,72.68,68
PAK2,-1.3096,85,72.56,69
WNK3,-0.805,54,72.39,70
TGFBR1,-0.2719,31,72.24,71
PAK5,-2.4663,179,71.95,72
BRSK2,-1.8464,137,71.88,73
STK33,-1.9299,143,71.82,74
MARK4,-0.9176,61,71.74,75
SKMLCK,-1.5701,109,71.64,76
CDC7,-0.4846,39,71.1,77
PRKD2,-0.8104,56,70.93,78
PAK3,-1.2441,80,70.77,79
CK1A,-0.6789,46,70.34,80
ALK4,-0.6162,43,70.27,81
MARK3,-1.9078,141,70.24,82
PDHK4,-0.3416,34,70.04,83
NEK4,-2.0404,149,69.64,84
SMMLCK,-1.6648,114,69.62,85
WNK1,-0.7098,48,69.31,86
LKB1,-1.7926,132,68.28,87
ROCK1,-2.8677,204,68.17,88
CAMLCK,-0.496,40,68.05,89
P38D,0.4933,9,67.93,90
AMPKA2,-1.1329,74,67.78,91
PINK1,-0.6912,47,67.12,92
MRCKB,-2.3436,170,67.1,93
AURA,-2.2093,160,66.78,94
PKG2,-2.1245,153,66.33,95
DAPK3,-2.2532,164,66.32,96
TTBK2,-1.2017,78,65.98,97
RIPK3,-1.545,106,65.96,98
DAPK1,-2.2137,161,65.66,99
OSR1,-3.2768,226,65.41,100
HIPK4,0.3528,15,65.09,101
CHAK1,-1.6709,115,64.73,102
NEK8,-2.2463,162,64.54,103
CHK1,-1.0581,70,64.35,104
CK1D,-1.4807,100,63.94,105
TBK1,-1.3776,90,63.67,106
DCAMKL1,-1.24,79,63.39,107
IKKE,-1.7472,124,63.32,108
P70S6K,-2.5187,184,62.72,109
ULK2,-1.4517,97,62.67,110
PKACA,-3.1554,216,61.99,111
WNK4,-1.7492,125,61.98,112
KIS,-0.8528,58,61.63,113
AMPKA1,-1.3892,93,61.28,114
TSSK2,-1.4599,98,61.28,114
BIKE,-3.8822,255,60.96,116
CDK19,-1.1686,75,60.89,117
RIPK1,-1.5202,103,60.7,118
GRK4,-0.9579,64,60.58,119
PDHK1,-0.9376,63,60.17,120
LATS2,-1.6913,118,60.13,121
CDK8,-1.0668,71,59.52,122
IRE1,-2.0074,147,58.88,123
PKN1,-3.3241,229,58.76,124
PLK2,-2.2542,165,58.73,125
YSK4,-2.0254,148,58.27,126
GRK5,-1.0103,68,58.11,127
IRE2,-2.1895,158,58.01,128
CDK2,-1.7631,127,57.77,129
MSK1,-2.3332,169,57.5,130
MLK2,-1.3115,86,57.34,131
LOK,-2.9198,205,56.9,132
CK1G2,-1.683,117,56.8,133
ANKRD3,-1.4829,101,56.48,134
GRK7,-2.7456,198,56.3,135
ROCK2,-3.1558,217,56.24,136
IRAK4,-2.3514,174,56.08,137
MYO3B,-4.1499,268,56.0,138
PRP4,-1.3988,94,55.86,139
NUAK2,-1.3808,92,55.83,140
DRAK1,-1.7782,128,55.4,141
MEK1,-1.5406,105,55.37,142
P90RSK,-1.5721,110,55.28,143
CK1G3,-1.7398,123,55.17,144
CAMK2B,-1.5269,104,55.07,145
PLK4,-3.4903,239,54.99,146
MNK1,-2.5771,187,54.96,147
GRK6,-0.9958,67,54.72,148
CK1G1,-1.8424,135,54.32,149
P38A,-0.9813,66,54.16,150
NEK6,-1.86,139,54.12,151
DSTYK,-1.6724,116,53.35,152
CRIK,-3.9307,257,53.31,153
RSK3,-2.1907,159,53.02,154
PAK6,-3.3005,228,52.76,155
SLK,-3.3478,232,52.19,156
GRK1,-1.0547,69,51.73,157
BRSK1,-3.2612,225,51.63,158
PLK1,-1.8515,138,51.09,159
AURC,-3.176,219,51.06,160
MSK2,-2.6333,192,50.71,161
MLK1,-1.7897,131,50.55,162
CDK14,-1.8285,134,50.1,163
MST2,-3.4656,236,50.06,164
ERK5,-0.965,65,49.44,165
PKCI,-3.3393,231,49.2,166
ERK2,-1.7185,120,49.07,167
ALK2,-2.1129,152,48.97,168
CLK1,-1.7859,129,48.93,169
NLK,-0.3475,35,48.9,170
MEKK1,-2.4251,178,47.83,171
P38B,-1.9744,146,47.77,172
PKCH,-3.1701,218,47.31,173
AKT1,-3.4781,238,47.18,174
TAO1,-4.4582,277,47.1,175
PAK1,-2.6478,193,46.78,176
NIK,-0.8392,57,46.68,177
DMPK1,-4.3303,273,45.88,178
MNK2,-2.4913,183,45.78,179
PKACG,-3.0416,213,45.69,180
DYRK1A,-1.7889,130,45.58,181
PKN2,-2.6786,195,45.56,182
CK2A2,-4.3652,275,45.17,183
DYRK1B,-1.9328,144,45.03,184
CDK6,-2.7284,196,44.83,185
AAK1,-5.3355,295,44.74,186
DYRK2,-1.4709,99,44.7,187
RAF1,-1.3567,87,44.68,188
SGK3,-2.9329,207,44.65,189
TSSK4,-2.172,154,44.63,190
DYRK3,-2.3104,168,44.38,191
PKCE,-3.9486,258,44.3,192
ERK7,-2.9959,212,44.04,193
DYRK4,-1.9079,142,44.02,194
PKCT,-3.8965,256,43.51,195
IKKA,-2.3467,171,43.26,196
GRK2,-0.8995,60,43.18,197
SBK,-3.2807,227,42.33,198
CK2A1,-4.6397,283,41.87,199
BCKDK,-2.7911,200,41.84,200
ALPHAK3,-4.1882,270,41.08,201
MLK3,-2.6197,191,40.79,202
TTK,-5.1511,293,40.31,203
MYO3A,-5.3562,296,40.31,203
CDK9,-2.5811,188,39.94,205
CDK13,-1.7059,119,39.6,206
CK1E,-1.3041,84,39.4,207
NEK11,-3.2409,223,39.17,208
RSK2,-2.47,180,39.01,209
CDK7,-2.3518,175,38.97,210
DLK,-1.5639,108,38.5,211
ERK1,-2.6673,194,38.28,212
PKN3,-1.3629,89,38.17,213
CHAK2,-2.3475,172,37.98,214
CAMK2G,-1.3803,91,37.95,215
CDK4,-3.1774,220,37.88,216
PKCB,-3.6307,246,37.61,217
CLK4,-2.3505,173,37.48,218
YSK1,-4.7652,287,37.18,219
IKKB,-2.1741,155,37.04,220
CAMK2A,-2.2934,167,37.03,221
CDK12,-2.9543,209,36.23,222
BMPR1A,-3.3695,234,36.14,223
GRK3,-1.8428,136,36.09,224
TAO2,-3.332,230,35.79,225
NDR2,-2.7969,201,35.71,226
SRPK3,-2.4882,182,35.66,227
ALK1,-1.7382,122,35.32,228
CDK17,-3.5675,244,34.13,229
PKACB,-4.5049,280,33.08,230
MAP3K15,-4.0275,263,32.73,231
MEKK6,-5.1536,294,32.62,232
P38G,-2.9317,206,32.61,233
PKCD,-2.9952,211,32.45,234
PKCZ,-3.5167,241,32.41,235
CDK18,-3.4722,237,32.36,236
HGK,-4.1342,267,32.01,237
CDK10,-4.2889,272,31.83,238
PKCA,-3.8212,252,31.58,239
MINK,-4.6453,284,31.53,240
EEF2K,-4.3869,276,30.93,241
AKT2,-3.738,248,30.75,242
CDK16,-4.1271,266,30.21,243
ASK1,-5.5766,297,29.86,244
P70S6KB,-2.7825,199,29.61,245
CLK3,-2.183,157,29.56,246
HPK1,-4.4632,278,29.46,247
NDR1,-3.4072,235,29.45,248
CDKL5,-2.3581,176,29.26,249
LRRK2,-3.8632,254,28.68,250
CDKL2,-2.964,210,28.41,251
PKR,-2.5844,189,28.26,252
PBK,-5.7398,301,28.0,253
PDK1,-3.3481,233,26.88,254
WNK2,-2.8031,203,26.84,255
PIM2,-3.6279,245,26.63,256
MLK4,-4.2477,271,26.27,257
BMPR1B,-2.5556,186,26.26,258
HIPK3,-3.2372,222,26.11,259
CDK5,-4.0062,262,25.4,260
CDK3,-5.7111,299,25.37,261
MPSK1,-3.8138,251,23.06,262
LATS1,-2.9379,208,22.75,263
MST3,-4.1606,269,22.08,264
TNIK,-4.7212,286,22.01,265
PKCG,-4.8522,289,21.73,266
AKT3,-6.2877,307,21.71,267
HIPK1,-3.5268,242,21.44,268
CDKL1,-1.7621,126,21.39,269
JNK1,-3.2562,224,21.29,270
SGK1,-4.8662,291,21.13,271
YANK2,-3.5311,243,20.94,272
TSSK3,-5.7129,300,20.78,273
MEK5,-3.1282,215,20.6,274
ZAK,-4.0017,260,20.12,275
MOK,-5.1301,292,19.91,276
MST1,-4.5716,282,19.8,277
HASPIN,-6.0525,305,19.35,278
YANK3,-2.2924,166,19.09,279
MST4,-4.0528,265,18.64,280
HIPK2,-4.767,288,18.09,281
MTOR,-2.175,156,17.72,282
ICK,-6.2266,306,17.67,283
JNK2,-3.0741,214,17.51,284
COT,-2.4733,181,17.05,285
SRPK1,-3.6929,247,16.65,286
KHS2,-5.8156,302,16.38,287
BRAF,-3.7864,249,15.8,288
KHS1,-5.6919,298,15.79,289
GCK,-4.8539,290,15.21,290
MEKK2,-3.9858,259,13.81,291
FAM20C,-6.6306,308,12.48,292
PASK,-4.6624,285,11.79,293
ALK7,-2.8,202,11.58,294
SRPK2,-4.5168,281,11.43,295
MEKK3,-4.0039,261,11.4,296
PIM1,-3.829,253,10.23,297
CDK1,-4.3513,274,10.15,298
PRKX,-7.3423,310,10.01,299
GAK,-4.0365,264,9.83,300
GSK3B,-0.7848,52,9.66,301
TAO3,-4.4804,279,8.98,302
MOS,-1.6464,112,8.94,303
PIM3,-3.7914,250,8.16,304
MAK,-6.8889,309,7.45,305
PRPK,-0.9255,62,7.42,306
JNK3,-3.5088,240,7.17,307
CLK2,-5.8676,303,6.45,308
RSK4,-6.0153,304,5.83,309
GSK3A,-3.1989,221,0.2,310
